1073741824S,0C
0 0
57201 1
57201 1
-57201 -1
5792 1
5426 1
8922 1
9187 1
8924 1
6532 1
5658 1
5082 1
1409 1
6205 1
5671 1
4827 1
1067 1
3283 1
585 1
5091 1
6287 1
4867 1
20875 1
6119 1
4923 1
6326 1
6322 1
6580 1
6639 1
4403 1
5013 1
10032 1
6609 1
5721 1
5888 1
5923 1
5781 1
5703 1
8554 1
5972 1
57123 1
107391 1
134586 1
87667 1
34346 1
122216 1
6176 1
33491 1
116162 1
5965 1
6072 1
116028 1
6265 1
5970 1
6053 1
5989 1
6022 1
5638 1
5914 1
6093 1
6014 1
6100 1
6016 1
77935 1
357 1
1532 1
1301 1
64026 1
76572 1
10900 1
11852 1
11988 1
13633 1
10752 1
11851 1
13634 1
15592 1
10515 1
5896 1
13686 1
15722 1
10469 1
15723 1
5880 1
13765 1
10645 1
15937 1
15937 1
10466 1
6009 1
630668 1
-281521 -28
-246351 -32
-632320 -3
527 1
6095 1
107568 1
92582 1
12591 1
5997 1
17034 1
