2147483647C
0 0
57100 1
1700 1
5532 1
5492 1
1750 1
5178 1
4949 1
19250 1
19246 1
119400 1
116558 1
25094 1
116810 1
122463 1
112910 1
117467 1
41767 1
41319 1
121580 1
25093 1
107893 1
112074 1
122068 1
119845 1
114888 1
24981 1
114395 1
41044 1
124070 1
114786 1
109657 1
42186 1
114264 1
24981 1
114192 1
1658 1
50586 1
117391 1
41194 1
120937 1
118197 1
24981 1
40714 1
40435 1
37742 1
24973 1
42757 1
37733 1
42789 1
42705 1
43254 1
43259 1
42320 1
24977 1
43255 1
43193 1
43301 1
37760 1
42504 1
42332 1
41947 1
43822 1
42819 1
43260 1
41967 1
41806 1
40683 1
44536 1
43877 1
42719 1
24977 1
41956 1
42332 1
43244 1
42317 1
42534 1
42723 1
42493 1
43774 1
43127 1
43797 1
42434 1
42910 1
43858 1
24977 1
17888 1
22657 1
42320 1
43804 1
42952 1
43354 1
24973 1
43256 1
43181 1
42715 1
43332 1
43823 1
43864 1
42709 1
43002 1
41800 1
38924 1
38191 1
43769 1
111954 1
38057 1
119968 1
24977 1
43793 1
118594 1
121657 1
43231 1
43787 1
42334 1
117914 1
43801 1
41957 1
125159 1
42755 1
43235 1
43200 1
42360 1
42723 1
42318 1
105477 1
42323 1
42039 1
42752 1
42512 1
24916 1
123555 1
118418 1
42214 1
42852 1
126786 1
43848 1
42318 1
118857 1
42353 1
42497 1
123621 1
42497 1
24973 1
38587 1
118036 1
43238 1
45308 1
127741 1
43376 1
42711 1
115916 1
111443 1
117790 1
24973 1
43522 1
115051 1
43102 1
42210 1
42621 1
124687 1
110133 1
113100 1
109435 1
1645 1
1654 1
5598 1
24977 1
4363 1
3858 1
112626 1
39688 1
119408 1
42697 1
41800 1
122607 1
118115 1
41943 1
108458 1
41948 1
24973 1
123485 1
40673 1
42008 1
40099 1
40923 1
24977 1
114539 1
112261 1
42019 1
41945 1
88431 1
42951 1
43281 1
43794 1
117761 1
43795 1
110320 1
24977 1
118995 1
118651 1
120366 1
114884 1
119295 1
24970 1
126657 1
115056 1
113766 1
118582 1
122497 1
43383 1
43394 1
114438 1
42311 1
124554 1
43785 1
108924 1
119496 1
42234 1
112405 1
117263 1
42701 1
115086 1
121559 1
120038 1
119367 1
82427 1
122050 1
112201 1
113849 1
127616 1
119490 1
43096 1
42842 1
119931 1
110949 1
116493 1
122974 1
122958 1
111767 1
124593 1
42799 1
115133 1
122338 1
118703 1
41912 1
120986 1
109981 1
128701 1
119455 1
122286 1
43779 1
119362 1
123590 1
111366 1
41858 1
113776 1
123831 1
115629 1
127203 1
122492 1
109832 1
43237 1
117825 1
121466 1
118933 1
42019 1
43564 1
122496 1
42026 1
118932 1
115876 1
110343 1
125331 1
42375 1
42537 1
42743 1
42516 1
116234 1
43555 1
121860 1
124180 1
43868 1
116900 1
42319 1
113653 1
107964 1
42533 1
101947 1
42314 1
42320 1
106817 1
42747 1
42814 1
42332 1
112481 1
43450 1
44304 1
42434 1
43748 1
42432 1
43577 1
108488 1
42222 1
42714 1
116154 1
42763 1
41802 1
40679 1
42428 1
39361 1
115727 1
42427 1
41827 1
117411 1
42427 1
110912 1
42318 1
42308 1
123343 1
42731 1
43824 1
127608 1
43787 1
44568 1
42827 1
42322 1
118958 1
43864 1
123425 1
112615 1
43767 1
115187 1
43829 1
42723 1
119911 1
122385 1
116588 1
43779 1
43839 1
109107 1
43786 1
42741 1
42333 1
86683 1
44899 1
44909 1
44269 1
44897 1
43594 1
43810 1
43282 1
78381 1
124633 1
124028 1
122309 1
121214 1
113899 1
114929 1
119690 1
112111 1
124489 1
116004 1
107512 1
112597 1
122861 1
122161 1
122890 1
121092 1
113106 1
115249 1
