2147483647C
25139975 638
42268 1
42279 1
42691 1
41901 1
42727 1
43021 1
41110 1
42949 1
41624 1
43415 1
41865 1
41396 1
41396 1
41458 1
41797 1
41713 1
42307 1
41789 1
43084 1
42851 1
42077 1
41806 1
41630 1
42688 1
41615 1
42854 1
42595 1
42881 1
41288 1
41096 1
41211 1
42834 1
41225 1
41110 1
42208 1
41385 1
42311 1
42122 1
43437 1
41803 1
42310 1
41900 1
42266 1
42373 1
40692 1
41414 1
42577 1
41691 1
41801 1
41660 1
41647 1
42600 1
42093 1
41202 1
41215 1
41216 1
41589 1
41769 1
42068 1
41190 1
41212 1
41622 1
41173 1
41212 1
43582 1
41629 1
42268 1
42587 1
41600 1
41674 1
42565 1
42276 1
41835 1
41793 1
41619 1
41855 1
42865 1
42164 1
41205 1
41813 1
42215 1
41108 1
42123 1
41996 1
41219 1
42386 1
42470 1
42244 1
42519 1
42581 1
41658 1
41629 1
42478 1
42113 1
42585 1
42549 1
41317 1
41207 1
41819 1
42025 1
42068 1
41611 1
42163 1
42264 1
41201 1
41631 1
43008 1
42761 1
43117 1
42587 1
41619 1
42201 1
41604 1
41639 1
42730 1
44163 1
42205 1
43450 1
41321 1
43124 1
42123 1
42231 1
42597 1
41605 1
42069 1
6206 1
5570 1
41868 1
41493 1
43999 1
42091 1
42794 1
43459 1
42128 1
43752 1
44090 1
41307 1
42139 1
41674 1
42395 1
43178 1
42790 1
43519 1
42043 1
41223 1
42682 1
42838 1
42763 1
41219 1
42113 1
3186 1
42726 1
43457 1
7063 1
39401 1
41224 1
41615 1
42809 1
41617 1
41617 1
42244 1
41784 1
41607 1
42393 1
42596 1
44130 1
43548 1
42876 1
41697 1
41629 1
43854 1
59587 1
41670 1
42093 1
42693 1
41215 1
42555 1
42136 1
41215 1
41622 1
42067 1
42675 1
41591 1
42673 1
42754 1
41320 1
42111 1
42591 1
42827 1
41605 1
41097 1
41619 1
42770 1
42127 1
41220 1
41626 1
42079 1
42595 1
43653 1
42215 1
41209 1
43073 1
41598 1
41213 1
41108 1
41818 1
42616 1
41653 1
42212 1
42680 1
42330 1
42070 1
42146 1
42199 1
42599 1
41183 1
42111 1
42757 1
42096 1
41615 1
42163 1
42598 1
42076 1
43002 1
41711 1
42607 1
42636 1
44070 1
41335 1
42587 1
41591 1
43446 1
41624 1
41617 1
42831 1
41634 1
42130 1
42059 1
42684 1
41589 1
42190 1
42116 1
42781 1
42600 1
41218 1
41212 1
41682 1
42124 1
41638 1
41608 1
4059 1
3537 1
6406 1
5922 1
42096 1
42761 1
41663 1
42553 1
41694 1
42125 1
41213 1
42414 1
41613 1
41638 1
42123 1
41397 1
41274 1
42219 1
42775 1
42778 1
42958 1
42316 1
42858 1
41620 1
41625 1
42784 1
42300 1
41851 1
41221 1
41213 1
41853 1
41385 1
41617 1
41209 1
41604 1
41811 1
42505 1
41615 1
41210 1
41615 1
42070 1
41190 1
41189 1
41781 1
41403 1
41588 1
41604 1
41198 1
41839 1
41386 1
41644 1
41608 1
41291 1
42080 1
41604 1
41396 1
41213 1
41798 1
41610 1
41390 1
41655 1
41652 1
42946 1
41617 1
41791 1
42268 1
41610 1
41209 1
42276 1
42972 1
42065 1
42507 1
42833 1
41701 1
42601 1
6219 1
8629 1
5001 1
4966 1
5260 1
4859 1
6636 1
42688 1
41602 1
41656 1
42124 1
42909 1
42723 1
42600 1
41212 1
42596 1
42337 1
42330 1
42823 1
42670 1
41813 1
41211 1
43815 1
41399 1
42136 1
42203 1
41652 1
42624 1
43040 1
42593 1
42294 1
40981 1
42244 1
42092 1
41833 1
41095 1
43584 1
41393 1
41670 1
5955 1
41698 1
42597 1
6227 1
42123 1
42227 1
42598 1
42642 1
9393 1
5259 1
9204 1
42928 1
9218 1
5049 1
5002 1
5026 1
4984 1
4966 1
9610 1
5799 1
41858 1
41294 1
41561 1
9325 1
42779 1
42353 1
9167 1
42225 1
42792 1
41387 1
42721 1
42088 1
42740 1
42231 1
41631 1
41656 1
42778 1
41659 1
42575 1
42747 1
42127 1
42060 1
42834 1
9262 1
41208 1
42074 1
42783 1
3696 1
41761 1
9219 1
43551 1
41620 1
41587 1
43383 1
38553 1
9472 1
42096 1
41820 1
41220 1
41752 1
9113 1
9312 1
42125 1
9109 1
41677 1
9069 1
42059 1
41190 1
42282 1
42773 1
41802 1
39315 1
9075 1
9027 1
8850 1
4114 1
8980 1
9096 1
4978 1
5054 1
9029 1
9034 1
9007 1
5026 1
5128 1
8917 1
9090 1
9094 1
9179 1
9049 1
8980 1
9086 1
5386 1
5373 1
5383 1
5375 1
5365 1
6301 1
5867 1
6393 1
5953 1
7613 1
6541 1
6086 1
9001 1
6515 1
3696 1
7478 1
9005 1
8947 1
9040 1
8985 1
7477 1
9062 1
7468 1
3433 1
3607 1
3909 1
9012 1
6535 1
9111 1
9104 1
-39014412 -992
5218 1
4663 1
5159 1
8947 1
9125 1
9050 1
8941 1
-3275382 -97
9193 1
5385 1
9280 1
9105 1
5394 1
5360 1
8962 1
8946 1
3694 1
9038 1
9960 1
6998 1
6906 1
6930 1
7200 1
7100 1
9378 1
9083 1
4437 1
8948 1
8992 1
9021 1
9051 1
9123 1
9044 1
8952 1
7351 1
6487 1
5644 1
9176 1
5902 1
5396 1
6086 1
5282 1
5941 1
5577 1
7237 1
7192 1
5371 1
5844 1
7274 1
6881 1
8959 1
5839 1
5897 1
7280 1
7378 1
7205 1
3909 1
4470 1
4473 1
4827 1
7189 1
5272 1
3695 1
5026 1
5054 1
7295 1
9282 1
9063 1
5631 1
5089 1
5026 1
5339 1
7262 1
8919 1
7102 1
7320 1
3696 1
5614 1
7325 1
9122 1
7094 1
7225 1
7152 1
80437 1
7149 1
7272 1
7209 1
5879 1
7970 1
8174 1
8261 1
8265 1
8218 1
8335 1
4838 1
8350 1
8401 1
8357 1
8266 1
8169 1
8237 1
8186 1
8258 1
4753 1
8350 1
8222 1
8327 1
4755 1
8412 1
8118 1
8213 1
4755 1
8181 1
8206 1
10684 1
71478 1
8264 1
